0.862916 0.534212 0 0 0.862916 0.534212 0.859997 0.600045 5.19975 0.00179686 0.0029189 0.0658331 5.19975 0.00179686
1.00818 0.427101 4.63419 1.07761 0.969149 0.397513 1.37996 0.600629 5.19898 0.0107781 0.262895 0.131236 3.6984 0.754368
1.59045 0.489149 5.32117 0.287337 1.62331 0.499091 1.89982 0.60247 5.19766 0.0269323 0.279247 0.125549 3.02057 0.634022
2.04023 0.557524 5.09458 0.667787 1.96701 0.557117 2.41954 0.606284 5.19573 0.0502389 0.307332 0.111428 2.61638 0.629944
2.66144 0.609267 5.22048 0.427525 2.92034 0.645898 2.93904 0.612786 5.19309 0.080668 0.301621 0.099677 2.3402 0.584402
3.29576 0.562709 5.3032 -0.0764598 3.56096 0.485311 3.45825 0.622685 5.18963 0.11818 0.28322 0.0942291 2.1368 0.539369
3.89238 0.595464 5.43235 0.0434106 4.19786 0.698311 3.97708 0.636689 5.18519 0.162724 0.264157 0.0886198 1.9805 0.501391
4.4443 0.62604 5.27049 0.111155 4.61908 0.68951 4.49542 0.655498 5.17962 0.214238 0.247757 0.0835479 1.85286 0.470422
4.98134 0.637122 5.03068 0.0754014 5.20901 0.66599 5.01315 0.679804 5.1727 0.272649 0.233828 0.0800443 1.74754 0.448365
5.47385 0.653723 5.26873 0.135996 5.22834 0.639362 5.53013 0.710295 5.16422 0.337868 0.222541 0.0780155 1.65819 0.43012
5.97818 0.554647 5.0654 -0.227088 5.89392 0.373584 6.04618 0.747647 5.15393 0.409793 0.213173 0.0944425 1.58125 0.452834
6.49235 0.640634 5.04024 0.0910792 6.62134 0.836138 6.5611 0.792523 5.14157 0.488305 0.205061 0.100492 1.51421 0.448464
7.00829 0.634216 4.8293 0.0247682 7.29121 0.630741 7.07469 0.845578 5.12685 0.573269 0.197875 0.112953 1.45715 0.456937
7.58926 0.687769 5.25389 0.174252 8.08349 0.819605 7.58668 0.907449 5.10946 0.664531 0.190678 0.123669 1.40467 0.459399
8.11311 0.756754 4.95644 0.286878 8.40453 0.884557 8.0968 0.978759 5.08907 0.761915 0.184261 0.132515 1.35747 0.460458
8.61893 1.00731 5.28448 0.883581 8.45858 1.41118 8.60472 1.06011 5.06537 0.865226 0.178445 0.128984 1.31551 0.44586
9.21466 1.09332 5.26224 0.855007 9.8809 1.1419 9.1101 1.15208 5.03798 0.974245 0.174965 0.125942 1.27739 0.433514
9.76917 1.27766 5.24821 1.08283 10.1016 1.52474 9.61255 1.25524 5.00656 1.08873 0.173996 0.122508 1.24271 0.421302
10.2797 1.47623 4.90775 1.24969 10.5377 1.72555 10.1117 1.37011 4.97074 1.20841 0.173688 0.1217 1.20965 0.410174
10.7545 1.62078 4.62154 1.25345 10.9084 1.70343 10.6069 1.49721 4.93014 1.33298 0.172474 0.121795 1.18104 0.400184
11.2743 1.64881 4.90488 1.06352 11.4783 1.42876 11.0979 1.637 4.8844 1.46213 0.172661 0.118887 1.15258 0.400109
11.7349 1.69648 4.82094 0.934643 11.4763 1.53917 11.584 1.78992 4.83313 1.59551 0.17173 0.11785 1.12608 0.415527
12.2201 1.90266 5.00889 1.20029 12.136 2.14937 12.0647 1.95639 4.77598 1.73273 0.171051 0.115803 1.1024 0.421285
12.722 1.95797 5.12833 1.0865 12.5457 1.77728 12.5394 2.13677 4.71257 1.87338 0.171546 0.119095 1.08252 0.442589
13.2286 2.24061 5.2045 1.4537 13.2198 2.6644 13.0075 2.33137 4.64258 2.01701 0.173801 0.118091 1.06659 0.448043
13.5755 2.62463 4.53813 1.86492 12.7087 3.12439 13.4682 2.54047 4.56565 2.16317 0.171721 0.116969 1.04589 0.443219
14.0117 2.79561 4.5248 1.83909 13.8302 2.73893 13.9208 2.7643 4.48147 2.31134 0.169417 0.11494 1.02637 0.444328
14.5012 2.95602 4.79985 1.84009 14.5568 2.87021 14.3646 3.00303 4.38974 2.46099 0.168355 0.113218 1.01085 0.451824
14.928 3.37787 4.73771 2.29822 14.6754 3.96041 14.7989 3.25679 4.29021 2.61157 0.167155 0.113498 0.996743 0.447763
15.3544 3.73798 4.39968 2.47246 15.3685 4.14761 15.2228 3.52563 4.18263 2.76249 0.166093 0.118134 0.980791 0.44341
15.8063 3.83034 4.41395 2.18724 15.7234 3.4105 15.6355 3.80957 4.06678 2.91315 0.166246 0.116272 0.966855 0.455267
16.2275 4.08165 4.16524 2.18816 16.3376 4.21632 16.0363 4.10854 3.94251 3.0629 0.167084 0.11454 0.952442 0.474028
16.6564 4.34603 4.24005 2.28353 16.7586 4.48231 16.4242 4.42242 3.80966 3.21109 0.169426 0.113572 0.940888 0.493928
17.0004 4.69502 3.71355 2.38015 16.9236 5.10119 16.7983 4.75103 3.66817 3.35704 0.170478 0.112301 0.92698 0.514643
17.3821 4.86132 3.75049 2.26265 17.3421 4.64623 17.1579 5.09409 3.51797 3.50008 0.172246 0.11747 0.914487 0.548671
17.752 5.00191 3.68189 2.09859 17.6463 4.74597 17.5019 5.45128 3.35907 3.63949 0.174876 0.137932 0.9033 0.598859
18.048 5.42854 3.41854 2.41965 17.9216 6.07151 17.8297 5.82221 3.19151 3.77458 0.176191 0.150664 0.891791 0.631313
18.3191 5.96156 3.32309 2.91189 18.1245 6.79027 18.1402 6.20641 3.01542 3.90462 0.176261 0.153883 0.881393 0.64343
18.5817 6.44126 3.09436 3.17788 18.4022 7.02231 18.4328 6.60333 2.83093 4.0289 0.175613 0.154098 0.871042 0.649583
18.8655 6.88593 3.09435 3.40188 18.8089 7.24388 18.7064 7.01237 2.63825 4.14672 0.17522 0.153468 0.863103 0.652134
19.0733 7.26446 2.68456 3.36065 18.5479 7.4012 18.9604 7.43283 2.43767 4.25737 0.173966 0.153848 0.853384 0.65918
19.3372 7.62182 2.70322 3.40652 19.3089 7.67375 19.1939 7.86397 2.22949 4.36017 0.173298 0.156531 0.846326 0.667702
19.5316 8.03825 2.60335 3.54086 19.0239 8.17194 19.4062 8.30497 2.01409 4.45445 0.172336 0.159958 0.84124 0.674439
19.7641 8.37121 2.38259 3.42266 19.6843 8.35902 19.5966 8.75494 1.7919 4.53956 0.172227 0.168379 0.83638 0.687664
19.8999 8.89581 2.05449 3.62405 19.6061 9.48659 19.7645 9.21294 1.56341 4.61488 0.171494 0.173079 0.830268 0.695838
20.0038 9.3757 1.70807 3.70621 19.6163 9.76606 19.9093 9.67795 1.32916 4.67984 0.170191 0.176893 0.823092 0.703045
19.9696 10.2156 1.4468 4.45586 19.1911 11.5493 20.0303 10.1489 1.08972 4.73389 0.168603 0.175271 0.815953 0.696707
20.0415 10.6641 1.09223 4.30545 19.6775 10.803 20.1271 10.6247 0.845742 4.77652 0.167295 0.173529 0.808192 0.692756
19.9907 11.4024 0.800053 4.73895 19.4335 12.3402 20.1993 11.1041 0.597892 4.80727 0.168241 0.176956 0.800424 0.68572
19.9211 11.9191 0.157565 4.51272 19.2063 12.2418 20.2466 11.5861 0.346889 4.82575 0.172795 0.181399 0.792832 0.68027
19.9826 12.3162 0.456096 4.60625 19.966 11.9688 20.2687 12.0692 0.093487 4.83159 0.175718 0.182911 0.786661 0.674306
20.0185 12.6631 0.0818855 4.17204 20.0192 12.4823 20.2652 12.5522 -0.161529 4.82451 0.177352 0.181795 0.779791 0.673893
20.1945 12.8545 0.26387 3.78193 20.9151 12.2555 20.2363 13.0339 -0.417348 4.80428 0.175764 0.181751 0.778046 0.682117
20.1439 13.309 0.0840863 3.84716 19.858 13.5236 20.1818 13.5129 -0.673135 4.77072 0.174205 0.182185 0.777666 0.68736
20.1742 13.6217 -0.0829787 3.58587 20.3387 13.5307 20.1017 13.9878 -0.928043 4.72374 0.172891 0.18715 0.778943 0.698151
20.0576 14.0843 -0.343916 3.65602 19.6717 14.4038 19.9962 14.4573 -1.18121 4.66331 0.171537 0.192054 0.780024 0.704861
20.0633 14.3517 -0.327785 3.47904 20.1149 14.0165 19.8655 14.9202 -1.43177 4.58944 0.172033 0.204714 0.786858 0.713964
19.9431 14.7453 -1.0188 3.07959 20.0157 15.3443 19.7099 15.3749 -1.67887 4.50226 0.173271 0.219133 0.784845 0.732019
19.8557 15.058 -0.967132 3.11355 19.9388 15.0864 19.5298 15.8203 -1.92164 4.40193 0.176956 0.238861 0.788025 0.744918
19.6264 15.5345 -1.14269 3.36072 19.1556 16.0022 19.3257 16.2549 -2.15925 4.28868 0.179719 0.254471 0.792374 0.748336
19.4552 15.9203 -1.4377 3.23077 19.4007 16.2962 19.0981 16.6777 -2.39087 4.16284 0.18401 0.270363 0.795272 0.75171
19.1176 16.4701 -2.16819 3.11326 18.8373 17.7112 18.8477 17.0872 -2.61571 4.02476 0.18571 0.279388 0.790878 0.754556
18.8749 16.8822 -1.99276 3.4811 18.8177 17.0316 18.5752 17.4822 -2.83299 3.87489 0.188058 0.287286 0.791685 0.750186
18.5932 17.2863 -2.19394 3.46894 18.2749 17.4877 18.2814 17.8617 -3.042 3.71372 0.190609 0.293968 0.792597 0.744931
18.3636 17.5457 -2.51697 2.99451 18.3021 17.498 17.9671 18.2246 -3.24204 3.5418 0.195427 0.30361 0.791602 0.742289
18.2029 17.8358 -2.46852 2.88337 18.8558 18.1364 17.6334 18.5697 -3.43247 3.35973 0.206224 0.314554 0.794492 0.738974
17.9222 18.092 -2.70546 2.61793 17.7945 18.0801 17.281 18.8962 -3.61271 3.16817 0.219153 0.327291 0.796292 0.736512
17.4338 18.6185 -3.12299 2.85502 16.9398 19.7311 16.9113 19.203 -3.78221 2.9678 0.226578 0.332517 0.794448 0.731205
16.8667 19.1439 -3.70336 2.89444 16.1674 20.2201 16.5251 19.4894 -3.9405 2.75938 0.228659 0.332708 0.789186 0.726069
16.6012 19.1754 -3.70022 2.32015 16.4366 18.2742 16.1237 19.7545 -4.08716 2.54364 0.234083 0.337497 0.784893 0.721359
16.2483 19.3887 -3.61563 2.38055 16.2328 19.2166 15.7082 19.9978 -4.22185 2.32141 0.241103 0.34282 0.78266 0.716295
15.4931 19.9792 -4.32825 2.64045 14.3677 21.3406 15.2799 20.2185 -4.34427 2.09347 0.240738 0.341597 0.777208 0.714218
15.0447 20.1636 -4.4869 2.28958 14.7476 19.9571 14.84 20.4162 -4.4542 1.86068 0.240281 0.340535 0.771876 0.711084
14.4155 20.4939 -4.9077 2.14202 13.841 21.0031 14.3897 20.5904 -4.55149 1.62386 0.238671 0.338413 0.76776 0.708827
13.9039 20.6919 -5.07237 1.85642 13.8232 20.859 13.9304 20.7408 -4.63606 1.38386 0.237094 0.336196 0.764287 0.706197
13.5276 20.7175 -5.06348 1.27404 13.8263 20.4261 13.4632 20.8671 -4.70789 1.14153 0.235645 0.334417 0.760337 0.7017
13.0498 20.8541 -5.08759 1.15234 13.2669 21.1579 12.9895 20.969 -4.76702 0.897694 0.23421 0.332497 0.756266 0.697732
12.287 21.1044 -5.56645 1.09617 11.5171 21.6724 12.5106 21.0465 -4.81358 0.653175 0.234077 0.330423 0.756223 0.695057
11.8885 21.1154 -5.43464 0.719492 12.3859 21.1066 12.0276 21.0996 -4.84773 0.408778 0.233116 0.32833 0.754317 0.691529
11.4246 21.0747 -5.40009 0.364886 11.5265 20.6748 11.5418 21.1283 -4.86971 0.165281 0.232025 0.326327 0.75193 0.687555
10.8477 21.033 -5.52365 0.0697582 10.5558 20.5567 11.0544 21.1327 -4.87982 -0.076565 0.231729 0.324496 0.75069 0.683491
10.0477 21.1521 -5.88546 0.218087 9.30535 21.3896 10.5666 21.1131 -4.8784 -0.31604 0.237334 0.32254 0.754341 0.681867
9.58771 21.1167 -5.77793 -0.114836 9.97958 21.2932 10.0795 21.0697 -4.86585 -0.552463 0.241998 0.320632 0.756438 0.679447
9.09562 21.086 -5.64897 -0.125441 9.38223 21.111 9.59422 21.0028 -4.84262 -0.785189 0.246628 0.318847 0.757051 0.679216
8.80974 20.9578 -5.32542 -0.578212 9.63392 20.9724 9.11177 20.9128 -4.80919 -1.01362 0.247352 0.317004 0.754665 0.676858
8.71097 20.6873 -4.7351 -1.05654 9.84634 20.009 8.63315 20.8003 -4.76608 -1.2372 0.246053 0.315391 0.750272 0.673193
8.24967 20.5424 -4.79069 -1.33976 8.29647 20.4978 8.1593 20.6657 -4.71387 -1.45542 0.244826 0.313852 0.745993 0.669428
7.90103 20.3687 -4.69349 -1.69221 8.29081 20.6565 7.69111 20.5096 -4.65313 -1.66781 0.244458 0.312424 0.741755 0.665619
7.34608 20.2027 -4.83183 -1.74321 7.09214 20.1196 7.22939 20.3326 -4.58448 -1.87399 0.243395 0.310969 0.738042 0.662014
6.86951 20.0297 -4.84612 -1.82245 6.89359 20.1536 6.7749 20.1352 -4.50854 -2.07357 0.242244 0.309437 0.734792 0.658858
6.45248 19.8514 -4.79548 -1.98319 6.67637 20.2142 6.32834 19.9183 -4.42598 -2.26625 0.241261 0.307812 0.73177 0.655899
5.80533 19.6339 -5.10554 -2.3064 5.28178 19.5036 5.89034 19.6824 -4.33744 -2.45178 0.24011 0.306176 0.732174 0.652501
5.4989 19.3132 -4.79729 -2.5144 5.9506 18.9859 5.46145 19.4284 -4.24359 -2.62995 0.238847 0.30476 0.730487 0.649094
5.23786 19.0594 -4.45682 -2.44833 5.87397 19.301 5.04219 19.157 -4.1451 -2.80059 0.238429 0.303302 0.727302 0.646653
4.56855 18.8398 -4.86189 -2.70937 3.98679 19.0452 4.63297 18.8689 -4.04263 -2.96359 0.237263 0.301716 0.728331 0.643769
4.25411 18.5387 -4.5853 -2.70548 4.69245 18.4634 4.23416 18.5648 -3.93685 -3.11888 0.236032 0.300152 0.727544 0.641796
3.69853 18.2751 -4.8197 -3.24315 3.42434 18.8357 3.84606 18.2457 -3.82841 -3.26644 0.23529 0.298616 0.730748 0.638484
3.51541 17.9353 -4.32744 -3.07895 4.3011 17.9267 3.46891 17.9122 -3.71795 -3.40627 0.234134 0.297098 0.729613 0.636078
2.96411 17.6251 -4.56148 -3.44843 2.65664 17.888 3.10287 17.565 -3.60609 -3.53844 0.233365 0.295655 0.732242 0.632922
2.75592 17.2086 -4.16387 -3.79417 3.26647 17.0897 2.74805 17.2051 -3.49344 -3.66302 0.232197 0.294173 0.731649 0.629886
2.39375 16.8613 -4.05857 -3.4804 2.55039 16.8884 2.4045 16.833 -3.38059 -3.78014 0.231047 0.292727 0.731137 0.627469
1.86499 16.4781 -4.25155 -3.51762 1.57735 16.0489 2.07221 16.4497 -3.26812 -3.88995 0.230825 0.291302 0.734032 0.625473
1.5356 16.1272 -4.09277 -3.57871 1.74362 16.2687 1.75112 16.0557 -3.15656 -3.99261 0.230681 0.28997 0.736262 0.623764
1.30564 15.6947 -3.77514 -4.06902 1.6097 15.5526 1.44111 15.6517 -3.04644 -4.08832 0.229954 0.288604 0.736189 0.620761
0.896614 15.3117 -3.83521 -4.04764 0.828993 15.528 1.14201 15.2386 -2.93825 -4.1773 0.230106 0.287315 0.737886 0.617927
0.672134 14.9421 -3.56632 -3.92423 1.03147 15.2134 0.853604 14.8169 -2.83246 -4.25977 0.229695 0.286215 0.737848 0.615868
0.466176 14.481 -3.27325 -4.34606 0.722177 14.2445 0.575628 14.3872 -2.72952 -4.33598 0.228864 0.285019 0.736271 0.612985
0.0953809 13.9989 -3.32967 -4.76075 -0.0328023 13.9604 0.307779 13.9502 -2.62984 -4.40617 0.228717 0.283735 0.735941 0.611093
-0.128461 13.5196 -3.11766 -4.90664 0.0524412 13.6377 0.0497099 13.5065 -2.53381 -4.47061 0.228304 0.282433 0.734689 0.609716
-0.392052 13.0622 -3.04925 -4.67723 -0.275043 13.1456 -0.198962 13.0566 -2.44179 -4.52955 0.228008 0.281147 0.733632 0.607101
-0.704071 12.5823 -3.07123 -4.58753 -0.684792 12.3563 -0.438654 12.6011 -2.35412 -4.58326 0.228373 0.279883 0.733485 0.604361
-0.982561 12.1558 -3.01046 -4.62341 -0.972122 12.5207 -0.669818 12.1404 -2.27111 -4.63198 0.229263 0.278635 0.733537 0.601657
-1.27199 11.6791 -2.96896 -4.7381 -1.26757 11.6495 -0.892931 11.6751 -2.19304 -4.67598 0.231015 0.277399 0.733923 0.599017
-1.33962 11.2212 -2.5395 -4.5302 -0.891441 10.959 -1.1085 11.2057 -2.12017 -4.71549 0.231016 0.276184 0.731752 0.596637
-1.46316 10.7601 -2.20765 -4.84891 -1.29894 10.9012 -1.31706 10.7324 -2.05273 -4.75075 0.230413 0.274992 0.728706 0.594108
-1.65483 10.2359 -2.11078 -5.04842 -1.59293 10.0212 -1.51917 10.2559 -1.99093 -4.78198 0.229763 0.273811 0.725644 0.592058
-1.76082 9.7845 -1.91994 -4.83768 -1.59702 9.96554 -1.71539 9.77637 -1.93498 -4.80939 0.228818 0.272639 0.722538 0.589528
-2.05597 9.27119 -2.09764 -5.08077 -2.27191 9.37316 -1.90631 9.29431 -1.88502 -4.83316 0.228262 0.27149 0.719736 0.587467
-2.13758 8.83786 -1.85037 -4.83928 -1.96565 9.13274 -2.09256 8.81003 -1.8412 -4.85347 0.227339 0.270359 0.716706 0.584995
-2.45851 8.29839 -2.12622 -5.05395 -2.65862 8.19477 -2.27474 8.32388 -1.80365 -4.87047 0.22701 0.26924 0.71432 0.582794
-2.46125 7.9196 -1.631 -4.81959 -2.273 8.52315 -2.45348 7.83617 -1.77248 -4.8843 0.226071 0.268232 0.711479 0.58041
-2.8131 7.40067 -2.13157 -4.80853 -3.08256 7.38874 -2.62944 7.34723 -1.74777 -4.89507 0.225756 0.267174 0.709408 0.57808
-2.88164 6.97184 -1.67747 -4.86414 -2.79412 7.20818 -2.80326 6.85734 -1.72958 -4.90286 0.224947 0.266286 0.706534 0.575735
-2.90435 6.55005 -1.43262 -4.47628 -2.57673 6.36755 -2.97559 6.36681 -1.71797 -4.90774 0.22413 0.26572 0.704146 0.574717
-3.19452 6.02763 -1.71259 -4.84584 -3.50172 6.10796 -3.14709 5.87592 -1.71297 -4.90976 0.223272 0.265003 0.701324 0.572442
-3.3804 5.50986 -1.84676 -4.78023 -3.19736 5.19093 -3.31843 5.38496 -1.71458 -4.90893 0.222452 0.264184 0.698635 0.570281
-3.51212 5.02764 -1.61649 -4.8746 -3.4281 4.94644 -3.49026 4.89422 -1.72281 -4.90525 0.221583 0.263408 0.695943 0.568038
-3.71443 4.49019 -1.88181 -4.83744 -3.50501 4.17643 -3.66325 4.40398 -1.73763 -4.89868 0.220763 0.262488 0.693336 0.565841
-3.90981 4.00132 -1.78627 -4.95747 -4.06447 4.10977 -3.83806 3.91452 -1.75899 -4.88918 0.219996 0.26158 0.690647 0.563675
-4.0834 3.59772 -1.8754 -4.65124 -4.23729 3.88878 -4.01533 3.42616 -1.78686 -4.87666 0.219229 0.261006 0.68803 0.561851
-4.32691 3.04647 -2.10141 -4.86802 -4.27467 2.88187 -4.19571 2.93919 -1.82113 -4.86104 0.218692 0.260177 0.685836 0.559703
-4.51918 2.52312 -1.98211 -4.98464 -4.38481 2.39989 -4.37985 2.45393 -1.86173 -4.84218 0.218199 0.259259 0.683313 0.557716
-4.70463 2.03729 -2.24243 -4.83013 -4.29257 1.92854 -4.56836 1.97072 -1.90853 -4.81994 0.217698 0.258347 0.681355 0.555617
-4.95635 1.49745 -2.37015 -5.00196 -4.98165 1.43611 -4.76186 1.48989 -1.9614 -4.79417 0.217534 0.257382 0.679726 0.55383
-5.1482 1.06583 -2.17278 -4.77329 -4.98594 1.10894 -4.96095 1.01182 -2.02019 -4.76468 0.217325 0.256469 0.677331 0.551776
-5.33206 0.41153 -2.14902 -5.27816 -4.84736 0.18101 -5.16621 0.536876 -2.08471 -4.73127 0.216991 0.255751 0.674859 0.55174
-5.55564 -0.15866 -1.84909 -5.39444 -5.99809 -0.290765 -5.3782 0.0654719 -2.15477 -4.69374 0.216729 0.255534 0.672898 0.552973
-5.7646 -0.478476 -2.06978 -4.75336 -5.64447 -0.144522 -5.59748 -0.401971 -2.23014 -4.65185 0.21641 0.25469 0.670595 0.551033
-5.94847 -0.910605 -2.38021 -4.67695 -5.30947 -0.724468 -5.82456 -0.865006 -2.31058 -4.60536 0.215886 0.253802 0.668204 0.549081
-6.11243 -1.47436 -2.18534 -4.93502 -5.68069 -1.52871 -6.05993 -1.32316 -2.39581 -4.55404 0.21516 0.253216 0.666051 0.548064
-6.35547 -1.94002 -2.58043 -4.97748 -6.11355 -1.75966 -6.30406 -1.77593 -2.48555 -4.49762 0.214439 0.252695 0.663733 0.54761
-6.67375 -2.30635 -2.62379 -4.56554 -6.99344 -2.17445 -6.55738 -2.22281 -2.57946 -4.43585 0.213906 0.251901 0.661402 0.545787
-6.97861 -2.72038 -2.77221 -4.47361 -7.14408 -2.67584 -6.82029 -2.66323 -2.6772 -4.36847 0.213567 0.251064 0.659134 0.543946
-7.2265 -3.1898 -2.63934 -4.4994 -7.13937 -3.22028 -7.09316 -3.09663 -2.7784 -4.29523 0.213114 0.250311 0.656943 0.542321
-7.48986 -3.74383 -2.57174 -4.75298 -7.77186 -4.08999 -7.37632 -3.5224 -2.88265 -4.21586 0.212587 0.250124 0.655183 0.542285
-7.75524 -4.15073 -2.70734 -4.63786 -7.52393 -3.88213 -7.67004 -3.93992 -2.98953 -4.13012 0.211975 0.249875 0.653353 0.542056
-8.0388 -4.59813 -2.73514 -4.59638 -8.08524 -4.57834 -7.97457 -4.34854 -3.09857 -4.03778 0.21132 0.249873 0.651816 0.54217
-8.32845 -4.99801 -2.61592 -4.34636 -8.453 -4.95621 -8.2901 -4.74759 -3.2093 -3.93862 0.210628 0.249877 0.651439 0.541374
-8.65138 -5.2623 -2.78304 -3.95376 -8.55062 -4.79248 -8.61678 -5.13637 -3.32121 -3.83242 0.209939 0.249251 0.650745 0.539646
-8.95488 -5.66323 -2.91649 -4.0214 -9.04115 -5.69364 -8.95469 -5.51417 -3.43377 -3.71901 0.209238 0.248716 0.649946 0.538411
-9.2488 -5.93475 -2.95078 -3.73362 -8.86897 -5.41973 -9.30388 -5.88026 -3.54643 -3.59823 0.208592 0.247931 0.649601 0.536738
-9.58591 -6.31358 -3.09081 -3.78575 -9.80646 -6.41174 -9.66432 -6.23389 -3.6586 -3.46994 0.208002 0.247199 0.649096 0.535582
-10.0715 -6.55701 -3.58403 -3.58968 -10.6688 -6.35543 -10.0359 -6.57431 -3.76969 -3.33404 0.207341 0.246394 0.647146 0.534229
-10.4202 -6.8922 -3.63223 -3.58157 -10.2205 -6.71044 -10.4186 -6.90075 -3.87907 -3.19046 0.206667 0.245593 0.645348 0.533424
-10.846 -7.14633 -3.80965 -3.39862 -10.8944 -6.83335 -10.8121 -7.21245 -3.98613 -3.03916 0.206017 0.244857 0.643419 0.532483
-11.1914 -7.47894 -3.70604 -3.35766 -10.986 -7.3707 -11.2161 -7.50862 -4.09021 -2.88015 0.205366 0.244083 0.64209 0.532149
-11.5705 -7.7456 -3.73476 -3.22331 -11.4213 -7.46085 -11.6304 -7.78849 -4.19066 -2.71349 0.204766 0.243328 0.641076 0.53201
-11.9414 -8.01287 -3.57628 -3.00882 -11.9422 -7.88317 -12.0546 -8.05131 -4.28682 -2.53924 0.204316 0.242576 0.641539 0.531638
-12.3791 -8.25701 -3.99369 -3.08119 -12.4462 -8.02117 -12.4881 -8.29633 -4.37802 -2.35756 0.203856 0.241832 0.640244 0.533061
-12.7781 -8.46902 -3.78199 -2.75528 -12.7461 -8.19449 -12.9304 -8.5228 -4.4636 -2.16863 0.203574 0.241113 0.640511 0.533413
-13.294 -8.64218 -4.14265 -2.64029 -13.7929 -8.47158 -13.381 -8.73002 -4.54289 -1.97267 0.203057 0.240463 0.639298 0.534351
-13.7187 -8.75779 -3.93245 -2.21914 -13.6376 -8.26344 -13.8392 -8.91729 -4.61524 -1.76997 0.20265 0.240047 0.639575 0.533866
-14.216 -8.92384 -4.36393 -2.27244 -14.4737 -8.79552 -14.3043 -9.08395 -4.68001 -1.56086 0.202146 0.239638 0.638091 0.535137
-14.6097 -9.18728 -4.14888 -2.25262 -14.5757 -9.32634 -14.7754 -9.22939 -4.73658 -1.34573 0.201944 0.238929 0.637796 0.538182
-15.0876 -9.42299 -4.18619 -2.23445 -15.6189 -9.69365 -15.2517 -9.35302 -4.78436 -1.125 0.201736 0.238266 0.637563 0.543456
-15.5662 -9.53984 -4.07123 -1.92019 -15.9382 -9.35751 -15.7324 -9.45431 -4.82275 -0.899159 0.201541 0.23764 0.63831 0.547581
-16.1242 -9.49806 -4.2675 -1.48825 -16.6033 -8.85459 -16.2164 -9.53277 -4.85124 -0.668734 0.201064 0.236942 0.637997 0.54961
-16.484 -9.6252 -4.12739 -1.43147 -16.011 -9.33486 -16.7027 -9.58797 -4.8693 -0.434301 0.201174 0.236254 0.638666 0.553346
-16.8457 -9.99455 -4.13198 -1.86223 -16.9255 -10.8571 -17.1903 -9.61954 -4.87646 -0.196479 0.202322 0.237313 0.639343 0.566391
-17.4158 -9.94655 -4.20306 -1.37453 -18.1371 -9.39146 -17.6781 -9.62717 -4.87232 0.0440703 0.202726 0.237879 0.639524 0.575108
-17.9425 -9.85897 -4.21077 -0.923583 -18.3083 -9.18778 -18.1648 -9.61064 -4.85648 0.286648 0.202846 0.237941 0.63956 0.580845
-18.3818 -9.88605 -4.33427 -0.863579 -18.2443 -9.58547 -18.6493 -9.56977 -4.82864 0.530522 0.203282 0.238471 0.638811 0.588828
-18.8614 -9.78308 -4.42795 -0.568522 -18.6983 -9.02886 -19.1305 -9.50447 -4.78851 0.774927 0.203723 0.238723 0.637552 0.595942
-19.3894 -9.5923 -4.28775 -0.0530478 -19.7037 -8.79906 -19.6069 -9.41472 -4.73591 1.01907 0.203805 0.238416 0.636624 0.59976
-20.0049 -9.15753 -4.46199 0.683368 -20.3815 -7.6755 -20.0775 -9.30061 -4.67066 1.26215 0.203296 0.23798 0.634999 0.599642
-20.4173 -9.21812 -4.39818 0.484569 -20.4587 -9.7448 -20.5409 -9.16227 -4.59271 1.50334 0.202932 0.23734 0.633362 0.602847
-20.9627 -8.98184 -4.34577 0.847078 -21.5568 -8.5005 -20.9959 -8.99994 -4.50202 1.74179 0.202373 0.236673 0.631679 0.604892
-21.4454 -8.8134 -4.20438 1.04252 -21.8628 -8.64129 -21.4412 -8.81393 -4.39865 1.97666 0.201804 0.236007 0.630071 0.607241
-21.8972 -8.43299 -3.88137 1.58809 -21.9514 -7.41274 -21.8754 -8.60465 -4.2827 2.20712 0.201246 0.235696 0.629024 0.607307
-22.3177 -8.15671 -4.04976 1.73373 -22.1914 -7.70392 -22.2975 -8.37258 -4.15437 2.43232 0.200692 0.235591 0.627323 0.607852
-22.6243 -8.14281 -3.76692 1.53816 -22.3177 -8.57758 -22.7061 -8.11829 -4.01391 2.65145 0.200229 0.234946 0.625857 0.611793
-22.9748 -8.0441 -3.3619 1.55751 -23.2693 -8.32031 -23.1 -7.84243 -3.86163 2.8637 0.199894 0.234776 0.625233 0.617745
-23.3851 -7.68925 -3.59761 1.81355 -23.473 -7.02103 -23.4781 -7.54572 -3.69792 3.06828 0.199465 0.234374 0.623567 0.622998
-23.8027 -7.29108 -3.53049 2.16486 -24.0505 -6.56968 -23.8393 -7.22897 -3.52321 3.26445 0.198941 0.233781 0.62187 0.626568
-24.1903 -6.82786 -3.29676 2.58291 -24.3577 -5.94086 -24.1825 -6.89307 -3.33801 3.45149 0.198403 0.233198 0.620195 0.628127
-24.487 -6.70294 -2.92965 2.44629 -24.788 -7.18367 -24.5066 -6.53896 -3.14289 3.62873 0.197874 0.232881 0.618723 0.632408
-24.7576 -6.36888 -2.73812 2.60853 -24.6108 -6.00878 -24.8107 -6.16764 -2.93846 3.79553 0.197383 0.232723 0.61724 0.63666
-25.0419 -5.87253 -2.63519 2.96675 -24.8975 -5.02285 -25.094 -5.7802 -2.72537 3.95132 0.196894 0.232201 0.615631 0.639012
-25.3323 -5.53554 -2.64622 3.02586 -25.5328 -5.4399 -25.3556 -5.37777 -2.50435 4.09557 0.196379 0.23187 0.614087 0.642051
-25.4984 -5.5592 -2.53658 2.56533 -25.0178 -6.55904 -25.5946 -4.96152 -2.27613 4.22781 0.195986 0.235289 0.612761 0.651619
-25.764 -5.09624 -2.36471 2.88436 -25.8162 -4.40681 -25.8105 -4.53268 -2.04149 4.34764 0.195502 0.238188 0.611602 0.658479
-26.0351 -4.72616 -1.83929 3.05947 -26.8953 -4.43966 -26.0027 -4.0925 -1.80125 4.45471 0.195006 0.241929 0.610013 0.664436
-26.2206 -4.30269 -1.43405 3.26143 -26.5652 -3.85723 -26.1706 -3.64227 -1.55623 4.54875 0.194533 0.245939 0.608494 0.669159
-26.3481 -3.77211 -1.13635 3.56635 -26.2976 -3.01078 -26.3138 -3.18332 -1.30729 4.62954 0.194047 0.24892 0.607048 0.671783
-26.4476 -3.43172 -1.00283 3.54919 -26.4681 -3.44967 -26.4319 -2.71697 -1.05529 4.69696 0.193552 0.253502 0.605501 0.675081
-26.5796 -2.76419 -0.960441 3.98406 -26.657 -1.72382 -26.5247 -2.24456 -0.80109 4.75091 0.193097 0.255564 0.604062 0.67558
-26.6485 -2.14354 -0.824938 4.29211 -26.3248 -1.32261 -26.5921 -1.76744 -0.545553 4.79141 0.192649 0.256319 0.602855 0.674802
-26.6525 -1.87762 -0.328003 4.0556 -26.4998 -2.19526 -26.6338 -1.28695 -0.289538 4.81852 0.192166 0.259094 0.601337 0.675276
-26.7155 -1.51709 -0.197535 3.98554 -27.2008 -1.67679 -26.65 -0.804425 -0.0338883 4.83238 0.191739 0.263334 0.599937 0.676247
-26.73 -0.868046 0.20213 4.31422 -26.9891 0.0351487 -26.6406 -0.321181 0.220572 4.83317 0.191364 0.265506 0.598436 0.675551
-26.708 -0.322634 0.481828 4.44771 -26.9537 0.136943 -26.6059 0.161489 0.473041 4.82116 0.191023 0.267037 0.596946 0.674383
-26.6718 0.182153 0.519709 4.52389 -26.8241 0.381506 -26.5462 0.642323 0.722748 4.79667 0.190754 0.268336 0.595638 0.672986
-26.5645 1.10558 0.613629 5.1734 -25.9562 2.60409 -26.4616 1.12009 0.968955 4.76007 0.190421 0.267676 0.594692 0.671953
-26.4996 1.07708 0.720225 4.40007 -26.5072 -0.563928 -26.3526 1.59361 1.21096 4.71181 0.190232 0.269457 0.594227 0.670659
-26.3834 1.57583 1.10161 4.44026 -26.3475 1.82827 -26.2197 2.06173 1.44811 4.65235 0.190112 0.270932 0.59327 0.669185
-26.2458 2.07994 1.18762 4.51574 -26.069 2.27896 -26.0633 2.52336 1.67979 4.58223 0.190076 0.272034 0.592821 0.667575
-26.0925 2.59848 1.71483 4.51487 -26.3234 3.02388 -25.8841 2.97746 1.90543 4.502 0.190169 0.272652 0.591535 0.665961
-25.9213 3.19232 1.89504 4.67245 -26.1824 3.73376 -25.6826 3.42306 2.12452 4.41227 0.190432 0.272466 0.590326 0.664603
-25.7073 3.50794 2.10598 4.41766 -25.5773 3.13316 -25.4596 3.85924 2.3366 4.31367 0.190747 0.272897 0.589128 0.66305
-25.4717 3.89186 2.27711 4.30347 -25.3516 3.75691 -25.2157 4.28514 2.54127 4.20686 0.191111 0.273596 0.588006 0.661503
-25.1428 4.34462 2.42241 4.32993 -24.2719 4.30917 -24.9518 4.69998 2.73817 4.09251 0.19111 0.274041 0.587014 0.660136
-24.822 4.81573 2.71665 4.32602 -24.3609 4.95947 -24.6686 5.10304 2.92701 3.97132 0.190949 0.274105 0.585806 0.659028
-24.5045 5.20447 3.14512 4.14726 -24.4379 5.24592 -24.367 5.49367 3.10754 3.84401 0.190733 0.274178 0.584435 0.657807
-24.2347 5.36803 3.32422 3.7153 -24.5638 4.75836 -24.0477 5.8713 3.27959 3.71127 0.190715 0.275691 0.583076 0.656269
-23.8596 5.94566 3.19339 4.06546 -23.5491 6.44495 -23.7117 6.23542 3.44302 3.57383 0.190538 0.275758 0.581967 0.655599
-23.5432 6.36729 3.34929 4.02841 -23.7544 6.53746 -23.3598 6.58559 3.59775 3.4324 0.190506 0.27552 0.580865 0.655335
-23.1921 6.50779 3.51381 3.58987 -22.7862 5.74143 -22.9928 6.92146 3.74376 3.28768 0.190548 0.276315 0.579735 0.654145
-22.769 6.83498 3.89979 3.42812 -22.418 6.76159 -22.6117 7.24273 3.88106 3.14038 0.190408 0.27706 0.578405 0.652934
-22.2752 7.31196 4.46058 3.44507 -22.0543 7.85452 -22.2173 7.54917 4.00974 2.99118 0.190013 0.276892 0.577887 0.652163
-21.7513 8.02321 4.47501 4.02634 -21.6178 9.0351 -21.8105 7.84064 4.12989 2.84074 0.189623 0.276536 0.577041 0.655571
-21.3935 8.22445 4.45358 3.67703 -21.8637 7.78661 -21.392 8.11703 4.24166 2.68971 0.189194 0.276004 0.575911 0.657449
-20.8664 8.78812 4.54638 3.97691 -20.5503 9.28616 -20.9628 8.37833 4.34526 2.53871 0.188878 0.276752 0.574771 0.66303
-20.3164 9.19284 5.07411 3.74847 -19.9265 9.40847 -20.5237 8.62457 4.4409 2.38835 0.188965 0.27874 0.575046 0.667783
-19.9118 9.38662 4.8319 3.53694 -20.2277 8.8532 -20.0753 8.85583 4.52884 2.23919 0.188859 0.280369 0.574118 0.671909
-19.5589 9.48309 4.61969 3.16367 -19.9264 8.78179 -19.6186 9.07227 4.60937 2.09179 0.188481 0.281083 0.572841 0.674212
-18.9719 9.90019 5.09595 3.12873 -18.5719 10.2069 -19.1542 9.27409 4.68278 1.94666 0.188454 0.283536 0.572233 0.677298
-18.66 9.84159 4.93224 2.47062 -19.2825 8.98189 -18.6827 9.46154 4.7494 1.80429 0.188044 0.284033 0.5711 0.67725
-18.2437 9.74143 5.0974 1.74266 -18.1634 8.72444 -18.2049 9.63492 4.80959 1.66514 0.187649 0.283497 0.570165 0.675783
-17.6624 9.99673 5.05326 1.95651 -17.2296 9.97767 -17.7214 9.79457 4.86368 1.52964 0.187279 0.283193 0.569057 0.674896
-17.1464 10.1752 5.2047 1.83193 -17.1554 10.212 -17.2328 9.94087 4.91205 1.39818 0.186959 0.282999 0.568146 0.674034
-16.6372 10.292 5.25107 1.67428 -16.5958 10.1078 -16.7396 10.0743 4.95507 1.27113 0.186675 0.282749 0.567249 0.673096
-16.0921 10.4734 5.38142 1.62041 -16.09 10.5824 -16.2424 10.1952 4.99311 1.14883 0.186534 0.28273 0.566599 0.672357
-15.6014 10.5696 5.29827 1.52304 -15.7234 10.41 -15.7416 10.3041 5.02655 1.03159 0.186359 0.282658 0.565662 0.671685
-14.8947 10.7975 5.86881 1.37763 -14.2385 10.9109 -15.2376 10.4016 5.05576 0.919692 0.187307 0.283238 0.566949 0.670916
-14.5194 10.6473 5.24945 1.15991 -14.724 9.63507 -14.7309 10.4882 5.0811 0.813394 0.187416 0.282825 0.565848 0.669869
-13.9903 10.7026 5.36658 0.95473 -13.9005 10.5238 -14.2218 10.5645 5.10293 0.712926 0.187625 0.282369 0.564909 0.668633
-13.4508 10.8195 5.26698 1.08846 -13.3956 10.7857 -13.7107 10.631 5.12159 0.618496 0.187989 0.282038 0.563795 0.667919
-12.9307 10.8732 5.39798 0.847916 -12.9374 10.8137 -13.1979 10.6884 5.13741 0.530288 0.188391 0.2817 0.562863 0.666833
-12.3352 11.0343 5.5023 0.969536 -12.2518 11.2495 -12.6836 10.7373 5.15071 0.448467 0.189343 0.281766 0.562144 0.666289
-11.837 11.0696 5.40845 0.868147 -11.9352 10.9161 -12.1681 10.7783 5.16179 0.373177 0.190153 0.281807 0.561198 0.665667
-11.2466 11.1401 5.53941 0.771204 -10.9703 10.9676 -11.6516 10.8121 5.17092 0.304546 0.191542 0.282014 0.560535 0.664964
-10.8997 10.922 5.49785 -0.164977 -11.3472 10.5111 -11.1342 10.8394 5.17836 0.242681 0.191739 0.28148 0.559753 0.664106
-10.4297 10.8678 5.30394 -0.160062 -10.6563 10.8369 -10.6161 10.8609 5.18435 0.187679 0.191718 0.280901 0.558652 0.663113
-9.87519 10.9689 5.13806 0.334508 -9.90413 11.2255 -10.0976 10.8772 5.1891 0.139618 0.191853 0.280386 0.557516 0.661871
-9.62505 10.7729 4.70735 -0.145133 -10.195 10.3498 -9.57852 10.8891 5.19278 0.0985664 0.191485 0.279912 0.557241 0.660702
-9.21503 10.6755 4.57696 -0.282023 -9.2226 10.3527 -9.05915 10.8972 5.19557 0.0645787 0.191353 0.2797 0.557504 0.659728
-8.84717 10.5222 4.38753 -0.50238 -8.83914 10.0319 -8.53953 10.9023 5.19759 0.0376992 0.191966 0.280179 0.558756 0.659287
-8.2206 10.6503 4.73522 -0.15217 -7.91543 11.1157 -8.01974 10.905 5.19896 0.0179617 0.192003 0.280081 0.558406 0.658046
-7.62026 10.7047 4.93204 0.0350341 -7.25987 10.6458 -7.49981 10.9061 5.19975 0.00539029 0.191769 0.279809 0.557542 0.656726
