0.201778 0.385989 0 0 0.201778 0.385989 0.359997 0.600041 -4.80025 0.0016588 0.158219 0.214052 4.80025 0.0016588
-0.0137345 0.57894 -1.81748 2.02535 -0.0814087 0.49792 -0.120044 0.600581 -4.801 0.00995308 0.134787 0.152129 3.99649 1.4251
-0.570122 0.348019 -3.07404 2.37883 -0.423231 0.382203 -0.60017 0.602281 -4.80221 0.0248832 0.111412 0.192298 3.41225 1.78913
-0.946749 0.56985 -3.65417 2.22346 -0.999175 0.569138 -1.08042 0.605806 -4.8038 0.0464493 0.117373 0.167503 3.01048 1.89356
-1.4034 0.699781 -4.12194 1.40822 -1.31575 0.565548 -1.56084 0.611818 -4.8057 0.0746505 0.126408 0.154897 2.70996 1.79559
-1.90032 0.740733 -4.54625 0.771106 -1.76309 0.586975 -2.04145 0.620982 -4.80778 0.109484 0.128978 0.149614 2.47615 1.66125
-2.45093 0.647638 -4.93563 -0.137746 -2.50204 0.4664 -2.52225 0.63396 -4.80989 0.150946 0.122415 0.138612 2.29296 1.54188
-2.97276 0.670495 -4.83 -0.0428962 -3.65705 0.865703 -3.00325 0.651414 -4.81184 0.199026 0.115015 0.129835 2.14488 1.44483
-3.45958 0.641779 -4.82566 -0.149092 -3.47146 0.613185 -3.48441 0.674004 -4.81344 0.253712 0.108753 0.12288 2.02222 1.3688
-3.93282 0.694858 -4.90328 0.133142 -3.79537 0.758312 -3.9657 0.702391 -4.81445 0.314984 0.103694 0.116599 1.91865 1.29983
-4.42469 0.671775 -4.9304 0.00462402 -4.35973 0.613548 -4.44703 0.73723 -4.81461 0.382812 0.0990979 0.112911 1.82969 1.24458
-4.87665 0.777866 -4.97193 0.394256 -4.42669 0.850619 -4.92832 0.779176 -4.81363 0.45716 0.0960441 0.108104 1.75239 1.19173
-5.40526 0.734756 -5.14259 0.134399 -5.47463 0.612257 -5.40943 0.828877 -4.81122 0.537976 0.0922834 0.107094 1.68615 1.15043
-5.90058 0.918127 -4.74758 0.623357 -6.29502 1.26514 -5.8902 0.886977 -4.80703 0.625197 0.0889698 0.103533 1.62489 1.10859
-6.37118 0.993488 -5.06191 0.713154 -5.95255 0.944273 -6.37044 0.954111 -4.8007 0.718741 0.0859532 0.100538 1.57124 1.071
-6.85493 1.03653 -5.02765 0.637262 -6.62052 0.961842 -6.84991 1.03091 -4.79187 0.818509 0.0832333 0.0973556 1.52249 1.03798
-7.37226 0.999405 -4.9538 0.341422 -7.52937 0.8358 -7.32835 1.11798 -4.78012 0.92438 0.0814474 0.0987301 1.47764 1.01686
-7.80274 1.08837 -4.85774 0.500551 -7.25187 1.11533 -7.80545 1.21593 -4.76506 1.03621 0.0791552 0.100549 1.43617 0.996247
-8.25711 1.36031 -4.86205 1.08636 -8.07459 1.74513 -8.28085 1.32536 -4.74625 1.15383 0.0772363 0.0981953 1.39812 0.969799
-8.72123 1.40729 -4.40932 0.859625 -8.95167 1.35495 -8.75416 1.44681 -4.72324 1.27704 0.07564 0.096116 1.36452 0.94984
-9.16756 1.42431 -4.79958 0.753635 -8.71353 1.22502 -9.22493 1.58085 -4.69558 1.40561 0.0748712 0.0998259 1.33183 0.937804
-9.66849 1.37278 -4.98304 0.472173 -9.55852 1.10142 -9.69268 1.728 -4.66282 1.53929 0.0733314 0.123481 1.303 0.944066
-10.1105 1.7677 -4.7552 1.26763 -10.0357 2.49884 -10.1569 1.88875 -4.62448 1.67776 0.0723689 0.123376 1.27465 0.927267
-10.6112 1.98141 -4.93707 1.4911 -10.746 2.16649 -10.6169 2.06357 -4.58009 1.82071 0.0708548 0.121938 1.24994 0.910233
-11.0619 2.20165 -4.80447 1.64109 -10.8211 2.33578 -11.0722 2.25288 -4.52921 1.96776 0.0694539 0.119913 1.22592 0.894233
-11.5491 2.35204 -4.77388 1.60115 -11.6414 2.33697 -11.5221 2.45707 -4.47136 2.11849 0.0683111 0.119375 1.20358 0.882717
-12.0398 2.63376 -4.89126 1.87879 -12.1673 2.93299 -11.9658 2.6765 -4.4061 2.27246 0.0685287 0.117431 1.18476 0.869524
-12.543 2.72086 -4.78786 1.63595 -12.6907 2.51318 -12.4026 2.91145 -4.333 2.42918 0.0723385 0.12081 1.16659 0.866915
-12.9822 3.02145 -4.67901 1.90873 -12.8479 3.34065 -12.8317 3.16218 -4.25165 2.5881 0.0763777 0.121551 1.14904 0.861128
-13.3682 3.22258 -4.4872 1.92233 -12.7477 3.16125 -13.2522 3.42888 -4.16167 2.74865 0.0780243 0.125303 1.13129 0.85999
-13.8013 3.66459 -4.4248 2.4026 -13.9985 4.35452 -13.6633 3.71169 -4.0627 2.91022 0.0806584 0.123555 1.11479 0.850904
-14.1674 4.09598 -4.12523 2.72307 -13.9436 4.59359 -14.064 4.01066 -3.95441 3.07214 0.0814652 0.122541 1.09765 0.839773
-14.6124 4.43725 -4.06163 2.80975 -15.1095 4.72468 -14.4535 4.32581 -3.83653 3.23373 0.0848546 0.122219 1.0816 0.830239
-15.0054 4.73327 -3.9826 2.81862 -14.98 4.78418 -14.8306 4.65706 -3.70883 3.39425 0.0888096 0.121115 1.06661 0.823874
-15.3758 4.95259 -3.86813 2.68284 -15.1197 4.75476 -15.1945 5.00428 -3.5711 3.55294 0.0927426 0.119692 1.05246 0.825231
-15.6656 5.4361 -3.49761 3.00133 -15.4323 6.03152 -15.5441 5.36723 -3.42323 3.70901 0.0936609 0.118575 1.03782 0.822193
-16.028 5.6027 -3.61677 2.80427 -15.7856 5.16246 -15.8785 5.74562 -3.26513 3.86164 0.0956004 0.119298 1.02533 0.829426
-16.3817 5.871 -3.47093 2.73126 -16.4427 5.87663 -16.1965 6.13906 -3.09679 4.00999 0.099005 0.125493 1.01356 0.844319
-16.7296 5.97211 -3.40936 2.40931 -16.473 5.43254 -16.4972 6.54708 -2.91826 4.1532 0.104571 0.154342 1.00357 0.878962
-17.0054 6.47591 -3.37259 2.88766 -16.8736 7.23338 -16.7795 6.96912 -2.72968 4.29042 0.109259 0.171194 0.996147 0.895797
-17.2167 7.0477 -2.97179 3.28482 -16.9134 7.89837 -17.0425 7.40456 -2.53122 4.42077 0.111294 0.178041 0.986326 0.902415
-17.5156 7.3573 -3.07391 3.3011 -17.3858 7.23331 -17.2852 7.85264 -2.32317 4.54339 0.115566 0.191796 0.981375 0.911981
-17.6645 8.02635 -2.63432 3.77826 -17.2143 9.0337 -17.5066 8.31257 -2.10586 4.65742 0.116727 0.194513 0.973239 0.911231
-17.8775 8.33545 -2.36793 3.56598 -17.5099 8.1616 -17.7059 8.78343 -1.87971 4.76202 0.118259 0.203805 0.964927 0.918685
-17.9909 8.96533 -1.91073 3.87015 -17.8359 9.90657 -17.8822 9.26426 -1.64522 4.85637 0.118054 0.206396 0.954966 0.920239
-18.0722 9.58603 -1.63056 4.18453 -17.8028 10.3244 -18.0346 9.75398 -1.40296 4.9397 0.116895 0.205637 0.945124 0.916967
-18.4015 9.70903 -1.86393 3.68749 -19.0447 8.88465 -18.1624 10.2515 -1.15357 5.01125 0.120789 0.218284 0.94074 0.927481
-18.5712 10.1634 -1.9846 3.90941 -18.4785 10.383 -18.265 10.7555 -0.897764 5.07032 0.127436 0.232291 0.944014 0.932941
-18.6919 10.6346 -1.57768 3.8541 -18.592 11.0156 -18.3417 11.2647 -0.636323 5.11627 0.135689 0.246901 0.94396 0.940812
-18.7581 11.1883 -1.34828 4.05755 -18.5573 11.765 -18.392 11.778 -0.370091 5.14852 0.143956 0.258257 0.944656 0.944049
-18.7902 11.7308 -1.26393 4.32381 -18.2756 12.0095 -18.4156 12.2937 -0.099968 5.16654 0.151884 0.267585 0.949444 0.942167
-18.7205 12.4512 -0.745162 4.60262 -18.1665 13.4543 -18.4119 12.8105 0.173093 5.16989 0.156388 0.269643 0.948853 0.936374
-18.8302 12.7565 -0.508195 4.1293 -18.9473 12.4856 -18.3809 13.3269 0.448093 5.1582 0.166744 0.278343 0.948994 0.938204
-18.6692 13.5302 -0.0897979 4.59228 -18.1306 14.7596 -18.3223 13.8414 0.723997 5.1312 0.171806 0.278987 0.946666 0.932365
-18.5644 14.1365 0.338535 4.57926 -18.3678 14.848 -18.2361 14.3524 0.999739 5.08868 0.175898 0.277968 0.942248 0.926401
-18.4018 14.7281 0.852702 4.4736 -18.1394 15.4391 -18.1224 14.8584 1.27423 5.03055 0.178274 0.276025 0.935495 0.921104
-18.1498 15.3832 1.05399 4.83221 -17.4962 15.9091 -17.9814 15.3578 1.54638 4.95679 0.178105 0.273613 0.929543 0.913137
-18.0717 15.7318 1.02763 4.62975 -17.8307 15.1843 -17.8133 15.8491 1.81507 4.8675 0.179792 0.271681 0.927277 0.905769
-18.1307 16.0473 0.699466 4.50471 -18.7022 15.56 -17.6185 16.3307 2.0792 4.76286 0.190325 0.271885 0.936769 0.898689
-17.9111 16.4555 1.37585 3.97694 -17.2848 16.3539 -17.3977 16.8011 2.33771 4.64314 0.200034 0.273277 0.937192 0.895309
-17.6543 16.897 1.89264 3.65928 -17.3363 17.2838 -17.1512 17.2588 2.58952 4.50871 0.208584 0.274958 0.933752 0.894576
-17.3299 17.3256 2.16401 3.66556 -16.7259 17.405 -16.88 17.7023 2.83361 4.36005 0.214639 0.276896 0.930086 0.891705
-16.9457 17.8141 2.44924 3.79042 -16.294 18.1023 -16.5848 18.1303 3.069 4.19769 0.21773 0.277563 0.925973 0.886087
-16.6891 18.188 2.49768 3.74151 -16.6234 18.1814 -16.2665 18.5415 3.29475 4.02228 0.222386 0.27891 0.924097 0.879837
-16.2357 18.6812 3.00286 3.62542 -15.5341 19.1726 -15.9262 18.9344 3.50999 3.83452 0.223982 0.278532 0.919116 0.873428
-15.9073 19.0261 3.21969 3.33869 -15.8172 19.1796 -15.5649 19.308 3.71392 3.63521 0.22624 0.278584 0.914153 0.867554
-15.4884 19.3921 3.54364 3.10433 -15.1705 19.6712 -15.1838 19.6612 3.90579 3.42518 0.227609 0.278445 0.908384 0.861947
-15.3763 19.5285 3.2704 2.73362 -16.2753 19.2089 -14.7841 19.9928 4.08495 3.20535 0.237069 0.282066 0.907074 0.857496
-15.0261 19.7859 3.30144 2.71587 -14.8586 19.6043 -14.3671 20.302 4.25082 2.97668 0.248358 0.286825 0.907701 0.851838
-14.503 20.1343 3.74746 2.54559 -13.8455 20.4367 -13.9342 20.588 4.40292 2.74015 0.255778 0.289885 0.904593 0.846052
-14.0071 20.438 4.06028 2.36368 -13.606 20.7507 -13.4868 20.8499 4.54085 2.49681 0.261369 0.291959 0.900009 0.840221
-13.2589 20.8592 4.6411 2.44938 -12.0825 21.3646 -13.0264 21.0872 4.6643 2.2477 0.26099 0.291167 0.893742 0.834704
-12.7696 21.117 4.70972 2.39583 -12.6946 21.2291 -12.5543 21.2994 4.77306 1.99388 0.260418 0.289953 0.88763 0.830301
-12.0871 21.4053 5.17029 2.10654 -11.2552 21.6205 -12.072 21.486 4.86702 1.73644 0.258659 0.28814 0.882317 0.825793
-11.5142 21.6259 5.32466 1.92972 -11.3033 21.7891 -11.5811 21.6467 4.94615 1.47643 0.257045 0.286222 0.877504 0.821938
-11.1337 21.7303 5.16177 1.64691 -11.6156 21.6417 -11.083 21.7813 5.01051 1.21491 0.255414 0.284393 0.871884 0.818015
-10.4886 21.9115 5.50537 1.2349 -10.0557 22.2319 -10.5792 21.8898 5.06025 0.952912 0.25396 0.282551 0.867688 0.813321
-9.97179 21.9385 5.52642 0.877859 -9.88122 21.5481 -10.0711 21.972 5.09561 0.691445 0.252578 0.28076 0.863487 0.808366
-9.45483 21.9644 5.55889 0.512039 -9.48221 21.8931 -9.56019 22.0282 5.11691 0.431476 0.251254 0.27907 0.859445 0.803285
-8.95351 21.9557 5.54367 0.200685 -9.05214 21.8671 -9.04782 22.0584 5.12453 0.17393 0.249901 0.277558 0.855341 0.798254
-8.4458 21.9574 5.59626 -0.266803 -8.60582 22.4381 -8.53534 22.0631 5.11895 -0.0803171 0.248553 0.276089 0.851697 0.793582
-7.67196 22.0322 5.94808 -0.2709 -7.07631 22.599 -8.02405 22.0425 5.10068 -0.330441 0.250074 0.274403 0.851645 0.788755
-7.24968 21.9294 5.76855 -0.750721 -7.67843 22.0828 -7.51519 21.9971 5.07031 -0.575677 0.250265 0.272846 0.849962 0.784225
-6.61409 21.8671 5.87896 -0.852495 -6.434 22.0079 -7.00994 21.9275 5.02847 -0.815324 0.252493 0.271297 0.849968 0.779553
-6.42169 21.7065 5.27904 -0.833911 -7.61343 21.5459 -6.50942 21.8342 4.97584 -1.04874 0.251183 0.270052 0.845593 0.775304
-5.83034 21.5937 5.3634 -0.86175 -5.6148 21.2147 -6.01466 21.7179 4.91312 -1.27537 0.250509 0.268811 0.842063 0.772073
-5.47495 21.4564 5.17022 -1.41837 -5.92345 21.8491 -5.52665 21.5793 4.84107 -1.49469 0.249126 0.267586 0.837953 0.767667
-4.53565 21.3969 5.82559 -1.47647 -3.33441 21.6774 -5.04628 21.4191 4.76045 -1.70628 0.253617 0.266072 0.84088 0.763685
-4.31354 21.1701 5.27053 -1.44353 -5.29911 20.7449 -4.57436 21.2382 4.67204 -1.90978 0.253699 0.264671 0.838546 0.76099
-3.62377 21.0673 5.53748 -1.56144 -3.1589 21.4431 -4.11165 21.0373 4.57664 -2.10489 0.257474 0.263216 0.840002 0.758915
-3.25465 20.8242 5.27402 -2.22722 -3.56887 20.8741 -3.65879 20.8173 4.47504 -2.29137 0.259536 0.261767 0.839563 0.754764
-3.04924 20.5703 4.78563 -2.27975 -3.91178 20.5601 -3.21637 20.5791 4.36803 -2.46907 0.258709 0.260342 0.836122 0.75091
-2.2196 20.3666 5.32214 -2.27433 -1.29645 20.3141 -2.78489 20.3235 4.2564 -2.63789 0.263907 0.258977 0.838925 0.747813
-1.80742 20.0997 5.12548 -2.70051 -1.97724 20.2519 -2.36478 20.0515 4.14093 -2.79777 0.268721 0.257644 0.840607 0.743892
-1.53378 19.7519 4.7378 -3.03356 -2.05241 19.4221 -1.95638 19.764 4.02238 -2.94874 0.270796 0.256287 0.839386 0.740018
-0.983756 19.4003 4.84341 -3.38781 -0.738775 19.2577 -1.55997 19.4618 3.90147 -3.09085 0.275727 0.255026 0.840519 0.736777
-0.656933 19.0289 4.58431 -3.50584 -1.01545 18.8516 -1.17574 19.1458 3.77892 -3.22421 0.279314 0.253986 0.840165 0.733527
-0.219963 18.6889 4.55816 -3.39126 -0.297213 18.675 -0.803824 18.8169 3.65542 -3.34899 0.284075 0.253017 0.840827 0.729787
0.00436906 18.3263 4.16737 -3.57141 -0.507529 18.2624 -0.444288 18.476 3.53161 -3.46536 0.286211 0.252185 0.839006 0.72617
0.161503 17.9728 3.72742 -3.79338 -0.402717 18.2 -0.0971295 18.1238 3.40813 -3.57357 0.285949 0.251375 0.835411 0.722865
0.611778 17.5988 3.86978 -3.60446 0.752102 17.4652 0.237714 17.7612 3.28556 -3.67388 0.286954 0.250649 0.833295 0.71931
1.22566 17.2841 4.25468 -3.60289 1.8428 17.8251 0.560361 17.389 3.16445 -3.76656 0.293044 0.249634 0.836197 0.715959
1.35236 16.9265 3.70819 -3.82031 0.759535 17.0392 0.870984 17.0078 3.04533 -3.85192 0.29545 0.248548 0.834687 0.712482
1.58673 16.5461 3.42207 -4.15678 1.37472 16.8477 1.16981 16.6185 2.92867 -3.93028 0.296854 0.247452 0.832073 0.709396
1.75488 16.1485 3.1132 -4.19188 1.38463 16.2359 1.4571 16.2216 2.81494 -4.00199 0.296863 0.246374 0.828612 0.706253
1.68491 15.785 2.46834 -4.03357 0.827112 15.8045 1.73317 15.8179 2.70454 -4.06739 0.295497 0.24523 0.825013 0.702921
2.08277 15.3954 2.7277 -4.10138 2.50862 15.7505 1.99838 15.408 2.59786 -4.12682 0.294226 0.244084 0.821245 0.699633
2.33186 14.9682 2.6213 -4.41677 2.37797 15.114 2.25311 14.9924 2.49524 -4.18065 0.292959 0.242963 0.817524 0.696757
2.45696 14.5132 2.36534 -4.44113 2.13497 14.2461 2.49779 14.5718 2.397 -4.22922 0.291638 0.241911 0.813771 0.693851
2.8271 14.0389 2.56568 -4.66703 3.16438 14.1304 2.73287 14.1465 2.30343 -4.27288 0.290448 0.241027 0.81045 0.691711
2.97765 13.5626 2.38039 -4.62095 2.70333 13.2741 2.95882 13.717 2.21478 -4.31197 0.289142 0.240386 0.806944 0.689213
3.01154 13.1925 2.06404 -4.28289 2.58903 13.4515 3.17617 13.2839 2.13129 -4.34682 0.288269 0.239466 0.803358 0.686156
3.358 12.7 2.36233 -4.2565 3.50416 12.2406 3.38542 12.8475 2.05316 -4.37774 0.287002 0.238808 0.800324 0.683208
3.66075 12.2685 2.44163 -4.41049 3.88839 12.4809 3.58713 12.4083 1.98058 -4.40503 0.285824 0.238118 0.797976 0.680205
3.72467 11.8816 2.09911 -4.28839 3.3772 11.9578 3.78186 11.9664 1.9137 -4.42898 0.284628 0.237213 0.794687 0.677368
3.85772 11.4945 1.86629 -4.42063 3.85773 11.9001 3.97018 11.5223 1.85266 -4.44986 0.283591 0.236202 0.791255 0.674447
4.19186 11.0556 2.16312 -4.43951 4.60651 11.3932 4.1527 11.0763 1.79758 -4.4679 0.2824 0.235198 0.788591 0.671564
4.28715 10.6586 1.87085 -4.43923 4.1326 10.843 4.33 10.6287 1.74858 -4.48333 0.281228 0.234216 0.785323 0.668725
4.56051 10.1822 2.02225 -4.55819 4.75659 10.1975 4.50271 10.1796 1.70573 -4.49636 0.280094 0.23323 0.782554 0.665933
4.75862 9.75547 1.91273 -4.6854 4.96096 10.1488 4.67143 9.72935 1.66911 -4.50715 0.279038 0.232268 0.779604 0.663352
4.71579 9.50637 1.47086 -4.1825 4.47989 10.361 4.83681 9.27814 1.63878 -4.51587 0.2781 0.232235 0.776526 0.6613
4.98493 8.95842 1.66301 -4.54984 5.06495 8.52665 4.99946 8.82616 1.61479 -4.52264 0.276961 0.231591 0.773349 0.658589
5.26932 8.4402 1.99893 -4.57708 5.36813 8.24251 5.16003 8.37361 1.59718 -4.52755 0.276009 0.230726 0.771051 0.655922
5.5235 7.91407 2.1181 -4.71404 5.49333 7.6344 5.31916 7.92067 1.58598 -4.53068 0.275506 0.229794 0.769421 0.653479
5.75224 7.41183 2.12939 -4.8051 5.74756 7.30442 5.47748 7.46751 1.5812 -4.53209 0.2755 0.228927 0.767904 0.651318
5.87509 7.00109 2.10012 -4.47254 5.52242 6.92525 5.63564 7.01431 1.58285 -4.53178 0.275232 0.22802 0.766237 0.648749
5.88248 6.66662 1.47234 -4.3358 5.5405 6.7359 5.79428 6.56124 1.59093 -4.52975 0.274258 0.227313 0.763287 0.646419
6.03031 6.12255 1.47751 -4.55778 5.63609 5.57892 5.95405 6.10848 1.60542 -4.52597 0.273268 0.226427 0.760384 0.643895
6.10345 5.68835 1.16523 -4.59365 5.96266 5.64138 6.11558 5.65619 1.62631 -4.52038 0.272209 0.225565 0.758518 0.641427
6.23826 5.21754 1.2854 -4.56835 6.20583 5.17266 6.27951 5.20457 1.65356 -4.51288 0.271184 0.224699 0.756285 0.638974
6.312 4.90929 1.13447 -4.23989 6.49415 5.34675 6.44648 4.7538 1.68714 -4.50337 0.270402 0.224252 0.754938 0.636947
6.5169 4.37122 1.58328 -4.38942 6.42345 4.10243 6.61712 4.30411 1.72698 -4.4917 0.269517 0.223477 0.752177 0.634592
6.7679 3.83345 1.94912 -4.58477 6.88194 3.71244 6.79205 3.85571 1.77302 -4.4777 0.26851 0.222643 0.7495 0.63227
6.92152 3.40034 1.84879 -4.50605 6.71835 3.36038 6.97188 3.40885 1.82518 -4.4612 0.267542 0.221812 0.746701 0.629918
7.0879 3.11738 2.01937 -4.03005 7.10962 3.4589 7.15723 2.96378 1.88336 -4.44197 0.266616 0.221384 0.744022 0.628581
7.32841 2.67414 1.86145 -4.22134 7.81269 2.7161 7.34868 2.52078 1.94746 -4.41977 0.26564 0.220961 0.741318 0.626497
7.51182 2.08268 1.73052 -4.65808 7.29836 1.74476 7.54683 2.08018 2.01733 -4.39436 0.264685 0.220153 0.739014 0.624613
7.74695 1.62232 2.08398 -4.64766 7.99229 1.72323 7.75224 1.6423 2.09284 -4.36546 0.263725 0.21936 0.736332 0.622809
7.97381 1.26505 2.216 -4.38451 8.13791 1.49328 7.96547 1.2075 2.17382 -4.33277 0.262776 0.218624 0.733687 0.62058
8.19177 0.785409 2.32309 -4.48022 7.9966 0.717656 8.18706 0.776179 2.26005 -4.29598 0.261836 0.217844 0.731082 0.618556
8.46674 0.386911 2.32868 -4.37353 8.9356 0.484177 8.41752 0.348763 2.35134 -4.25478 0.260939 0.217093 0.728487 0.61644
8.78192 -0.0577977 2.88307 -4.44708 9.02773 0.00101087 8.65734 -0.0742907 2.44744 -4.20881 0.260228 0.216332 0.726837 0.614591
9.07512 -0.243541 3.04295 -3.82684 8.87814 0.254363 8.90699 -0.492491 2.54807 -4.15775 0.259698 0.216577 0.725473 0.613063
9.35679 -0.798435 2.92204 -4.23075 9.30978 -1.13129 9.16691 -0.905311 2.65292 -4.10124 0.259278 0.216008 0.723297 0.611026
9.62412 -1.40549 3.06629 -4.70116 9.30144 -1.67135 9.4375 -1.31219 2.76168 -4.03893 0.258846 0.215401 0.721243 0.611394
9.91361 -1.68123 2.84166 -4.18507 9.81628 -1.35201 9.71914 -1.71253 2.87396 -3.97047 0.25846 0.214678 0.718773 0.609555
10.2029 -2.13072 3.16803 -4.33697 9.92581 -2.08875 10.0122 -2.1057 2.98938 -3.89549 0.258059 0.213956 0.716476 0.608569
10.4542 -2.4127 2.85427 -3.91782 9.93719 -2.06904 10.3169 -2.49103 3.1075 -3.81368 0.257433 0.213329 0.714355 0.606569
10.7246 -2.79976 2.76794 -3.88725 10.6621 -2.78836 10.6335 -2.86783 3.22785 -3.72468 0.256677 0.212685 0.71295 0.604677
11.0596 -3.18129 3.34939 -4.03711 10.9936 -3.04182 10.9622 -3.23535 3.34992 -3.62819 0.255943 0.212021 0.710569 0.603582
11.3974 -3.53362 3.48495 -3.97019 11.1921 -3.33868 11.3032 -3.59284 3.47319 -3.52392 0.25521 0.211373 0.708213 0.602676
11.7339 -4.00222 3.4064 -4.10336 11.8203 -4.21307 11.6565 -3.9395 3.59707 -3.41158 0.254446 0.210738 0.706049 0.603305
12.118 -4.41952 3.51471 -4.1353 12.4401 -4.50646 12.0223 -4.27453 3.72095 -3.29094 0.253731 0.210375 0.703935 0.605192
12.5117 -4.72141 3.81679 -4.00125 12.3763 -4.33915 12.4003 -4.59707 3.84421 -3.16178 0.253065 0.20993 0.70165 0.607005
12.9146 -5.03388 3.70382 -3.7578 13.0698 -4.87656 12.7907 -4.90626 3.96616 -3.02393 0.252444 0.209502 0.6997 0.607909
13.2169 -5.39394 3.6256 -3.73922 12.6188 -5.16246 13.1931 -5.20124 4.0861 -2.87726 0.251641 0.209399 0.698427 0.609874
13.7109 -5.57376 4.26004 -3.54718 13.8504 -4.96233 13.6074 -5.48111 4.20332 -2.72168 0.250974 0.208862 0.696214 0.611488
14.1857 -5.86003 4.3641 -3.4255 14.3872 -5.71768 14.0332 -5.74499 4.31706 -2.55715 0.250473 0.208401 0.694018 0.613452
14.6048 -6.2065 4.28318 -3.40932 14.5382 -6.20694 14.4703 -5.99197 4.42655 -2.38369 0.249912 0.20844 0.691925 0.616906
15.024 -6.46744 4.34194 -3.28978 14.7003 -6.11223 14.918 -6.22118 4.53101 -2.20138 0.24927 0.208698 0.689922 0.620966
15.5021 -6.69271 4.30784 -3.05225 15.7265 -6.46475 15.3758 -6.43173 4.62966 -2.01035 0.248694 0.209063 0.688243 0.624456
15.9545 -6.93015 4.56079 -3.02525 15.7316 -6.60536 15.8432 -6.62276 4.72169 -1.81079 0.24808 0.209811 0.686232 0.629796
16.3339 -7.15196 4.20745 -2.77253 15.8267 -6.78095 16.3195 -6.79342 4.8063 -1.60298 0.24732 0.211044 0.68573 0.634509
16.7235 -7.43886 4.23729 -2.82223 16.4214 -7.35453 16.8038 -6.94292 4.88271 -1.38725 0.246644 0.213933 0.685491 0.642419
17.1907 -7.51418 4.27084 -2.44692 17.0944 -6.8385 17.2953 -7.07048 4.95015 -1.16398 0.246031 0.216063 0.685454 0.64821
17.8427 -7.34603 4.91492 -1.87505 18.2702 -6.07225 17.793 -7.17537 5.00785 -0.933668 0.245319 0.215818 0.683424 0.650372
18.3831 -7.22867 4.77245 -1.28006 18.3087 -6.15194 18.2961 -7.2569 5.05509 -0.696834 0.244676 0.215182 0.681726 0.649991
18.9745 -7.24063 4.97257 -1.1045 19.5536 -7.06548 18.8033 -7.31446 5.09116 -0.454089 0.244304 0.214616 0.679756 0.649993
19.3234 -7.602 4.62811 -1.46771 18.816 -8.27535 19.3135 -7.3475 5.11543 -0.206107 0.243581 0.214874 0.678777 0.655293
19.8671 -7.6046 4.84123 -1.27332 20.1094 -7.15442 19.8255 -7.35551 5.12728 0.0463764 0.242885 0.215091 0.677134 0.661156
20.33 -7.78374 4.99644 -1.41813 20.0602 -7.86255 20.3381 -7.33809 5.12615 0.302565 0.242174 0.217152 0.675224 0.672225
20.8622 -7.68934 4.70754 -0.922733 21.0198 -6.96188 20.8499 -7.29491 5.11155 0.561605 0.241471 0.218599 0.673962 0.679756
21.4117 -7.57845 4.84619 -0.61547 21.6131 -6.92172 21.3596 -7.22573 5.08306 0.822593 0.240805 0.21961 0.672253 0.686551
21.9353 -7.42144 4.42507 -0.134783 22.3609 -6.74362 21.8657 -7.1304 5.04032 1.08458 0.24017 0.220086 0.671939 0.690788
22.2885 -7.52902 4.02472 -0.196364 22.0518 -7.75788 22.3669 -7.00887 4.98307 1.34657 0.239556 0.222951 0.673922 0.698616
22.7046 -7.63408 4.36177 -0.422417 22.6149 -7.88858 22.8616 -6.86119 4.9111 1.60756 0.239167 0.229824 0.673279 0.713236
23.0726 -7.64563 4.08779 -0.315183 22.6521 -7.46004 23.3483 -6.68751 4.82431 1.86648 0.239389 0.240223 0.673653 0.729878
23.5745 -7.54589 4.35431 -0.166422 23.969 -7.15519 23.8257 -6.48809 4.72269 2.12228 0.239457 0.252327 0.672325 0.747768
24.0709 -7.24537 4.14412 0.378359 24.3438 -6.1767 24.2922 -6.26328 4.6063 2.37389 0.239359 0.26211 0.671334 0.760447
24.5999 -6.90993 4.49778 0.760657 24.8015 -5.92355 24.7463 -6.01357 4.47532 2.62023 0.238943 0.269784 0.669468 0.770895
25.073 -6.57714 4.19848 1.20097 25.2043 -5.60245 25.1866 -5.73954 4.33001 2.86026 0.238431 0.276147 0.667688 0.778593
25.4301 -6.41481 3.87292 1.31308 25.1219 -6.08842 25.6117 -5.44185 4.17073 3.09291 0.238156 0.284675 0.666217 0.787579
25.8444 -6.06371 3.77972 1.65108 25.8718 -5.258 26.0202 -5.12131 3.99791 3.31719 0.23786 0.292318 0.66459 0.795022
26.3602 -5.27605 3.72179 2.56336 26.7614 -3.08969 26.4107 -4.7788 3.81209 3.53212 0.237242 0.293819 0.662815 0.796069
26.7847 -4.84488 3.88033 2.79929 26.871 -4.28196 26.7821 -4.41529 3.6139 3.73676 0.2366 0.294721 0.661311 0.796901
27.1961 -4.35572 3.97978 3.09099 27.0374 -3.55517 27.1331 -4.03186 3.40403 3.93023 0.236008 0.294885 0.660881 0.797134
27.554 -4.02072 3.27306 3.16054 27.8979 -3.80197 27.4625 -3.62967 3.18325 4.11172 0.235471 0.295482 0.659144 0.798037
27.9059 -3.44276 2.99815 3.53415 28.156 -2.47925 27.7694 -3.20995 2.95242 4.28049 0.235055 0.295184 0.657397 0.797771
28.1868 -2.96353 2.83755 3.71533 28.0476 -2.41976 28.0527 -2.77401 2.71243 4.43586 0.234635 0.294725 0.655719 0.797382
28.41 -2.60303 2.3604 3.70657 28.3248 -2.46974 28.3116 -2.32322 2.46425 4.57724 0.234126 0.294648 0.654035 0.797786
28.6597 -2.21269 2.45345 3.73233 28.6844 -2.17053 28.5453 -1.859 2.20888 4.70412 0.233659 0.294988 0.65256 0.798795
28.8448 -1.82432 2.36384 3.7665 28.3124 -1.6871 28.7532 -1.38282 1.94737 4.8161 0.233143 0.295939 0.651552 0.800305
29.0121 -1.21895 2.09092 4.08049 28.4647 -0.32712 28.9347 -0.896184 1.6808 4.91284 0.232605 0.296085 0.650532 0.800474
29.1475 -0.645488 1.48713 4.27435 28.9615 0.162307 29.0893 -0.400636 1.41024 4.99413 0.232043 0.295843 0.648877 0.800079
29.3114 0.06176 1.11925 4.60576 29.7564 1.14927 29.2167 0.102274 1.13682 5.05982 0.231546 0.295098 0.647212 0.798687
29.3913 0.643389 0.976094 4.75765 29.1776 1.14383 29.3166 0.610984 0.861619 5.10989 0.231017 0.294353 0.645611 0.797045
29.4444 1.36071 0.543045 5.02612 29.3942 2.37688 29.389 1.12393 0.585743 5.14439 0.230463 0.29409 0.643977 0.795064
29.5208 1.87844 0.37726 5.00544 29.9335 1.97385 29.4338 1.63957 0.310266 5.16347 0.229964 0.293837 0.642367 0.793133
29.5414 2.12715 -0.0076744 4.60656 29.7238 1.41909 29.4512 2.15637 0.0362376 5.16738 0.229474 0.293105 0.640758 0.792136
29.5222 2.498 -0.215034 4.45856 29.525 2.24548 29.4412 2.67283 -0.235325 5.15644 0.228971 0.292632 0.639156 0.791692
29.4344 3.12756 -0.321284 4.70095 28.9264 3.72211 29.4042 3.18747 -0.503448 5.13105 0.228411 0.291934 0.637694 0.790303
29.3461 3.66111 -0.586618 4.74347 29.0715 3.9654 29.3406 3.69889 -0.767205 5.09171 0.227845 0.291223 0.63624 0.788725
29.3165 4.13928 -0.665875 4.71791 29.7082 4.22378 29.2509 4.2057 -1.02573 5.03897 0.22733 0.290542 0.635173 0.787103
29.182 4.61587 -1.05114 4.65047 28.8869 4.75902 29.1356 4.7066 -1.2782 4.97344 0.226795 0.289899 0.633814 0.785497
29.0343 5.11899 -1.15479 4.68797 28.7325 5.2483 28.9954 5.20034 -1.52389 4.8958 0.226258 0.289246 0.632792 0.783713
28.7655 6.04395 -1.76354 5.16486 28.1556 7.7268 28.831 5.68575 -1.7621 4.80678 0.225754 0.289621 0.631254 0.782206
28.4905 6.69104 -2.22795 5.21481 28.0465 7.37839 28.6431 6.16173 -1.99225 4.70713 0.225458 0.291253 0.62994 0.781112
28.3375 7.25868 -2.33949 5.19277 29.2418 7.54597 28.4327 6.62724 -2.21379 4.59767 0.225012 0.293833 0.628485 0.780324
28.1504 7.421 -2.31238 4.71204 28.1177 6.26311 28.2005 7.08135 -2.42628 4.47922 0.2245 0.294069 0.627029 0.778621
27.8593 7.97948 -2.67228 4.72036 27.7497 8.38372 27.9475 7.52321 -2.62933 4.35263 0.224047 0.295053 0.625541 0.77718
27.5603 8.3765 -2.92375 4.53335 27.3838 8.21907 27.6747 7.95203 -2.82265 4.21877 0.223654 0.295799 0.624096 0.775638
27.3502 8.40881 -3.19678 3.81134 27.7325 7.24638 27.3831 8.36714 -3.00599 4.07849 0.223138 0.295115 0.62276 0.774024
26.9701 8.96683 -3.48079 3.9616 26.9578 9.67899 27.0736 8.76794 -3.17922 3.93267 0.222726 0.294737 0.62164 0.772208
26.6237 9.20889 -3.42055 3.77981 26.3023 8.56687 26.7473 9.1539 -3.34223 3.78216 0.222366 0.294071 0.620209 0.770401
26.276 9.66437 -3.43449 3.88189 26.372 9.97194 26.4052 9.52461 -3.49502 3.62781 0.222023 0.293541 0.618779 0.768803
25.8337 10.2378 -3.5658 4.12439 25.3582 10.7466 26.0483 9.87973 -3.63763 3.47045 0.221989 0.293872 0.617364 0.768311
25.4744 10.549 -4.01319 3.7462 25.6726 10.5934 25.6776 10.219 -3.77016 3.31087 0.221906 0.294049 0.616161 0.767108
24.9425 11.1634 -4.32391 3.99053 24.4778 11.9539 25.2942 10.5422 -3.89278 3.14987 0.222674 0.296375 0.615439 0.767461
24.5297 11.4167 -4.28968 3.79362 24.3543 10.8958 24.899 10.8493 -4.00571 2.98817 0.223562 0.298173 0.614332 0.767639
24.0478 11.9261 -4.66676 3.78432 24.1967 12.6404 24.493 11.1402 -4.10919 2.8265 0.225064 0.302176 0.614086 0.76861
23.8063 11.818 -4.55754 2.99061 24.5863 10.4852 24.0771 11.4149 -4.20354 2.66553 0.225292 0.302708 0.613158 0.767181
23.444 11.9479 -4.41687 2.7695 23.7361 11.4278 23.6522 11.6736 -4.28909 2.50589 0.225218 0.302586 0.611835 0.765655
22.9726 12.2249 -4.58874 2.68469 22.8857 12.2555 23.2191 11.9164 -4.36622 2.34818 0.225318 0.302613 0.610644 0.764269
22.5393 12.4656 -4.61902 2.60578 22.7202 12.4833 22.7788 12.1436 -4.43532 2.19295 0.225383 0.302702 0.609403 0.76306
22.1884 12.5419 -4.34902 2.43072 22.4194 11.8766 22.3319 12.3553 -4.49681 2.04071 0.225085 0.302285 0.608127 0.761806
21.7749 12.7121 -4.62972 2.12017 22.0426 12.7495 21.8792 12.552 -4.55114 1.89194 0.224694 0.301803 0.606802 0.760271
21.4208 12.7278 -4.44221 1.8685 21.6464 12.0735 21.4215 12.734 -4.59875 1.74706 0.224199 0.301138 0.605553 0.758637
20.8647 13.0492 -4.87076 1.86699 20.6799 13.6331 20.9593 12.9018 -4.6401 1.60647 0.223794 0.300635 0.604417 0.757168
20.5678 12.898 -4.89026 1.1708 21.2381 12.1655 20.4932 13.0557 -4.67567 1.47051 0.223359 0.300159 0.603263 0.755773
19.9117 13.2464 -4.91534 1.63969 19.1758 13.6223 20.0239 13.1962 -4.70591 1.3395 0.222996 0.299524 0.602108 0.754387
19.2573 13.6576 -5.21206 1.94293 18.8414 14.4265 19.5518 13.3239 -4.73129 1.21372 0.223355 0.29968 0.601636 0.75428
18.918 13.5316 -5.03393 1.39829 19.2999 12.6552 19.0774 13.4392 -4.75226 1.09341 0.223119 0.299095 0.600622 0.752919
18.3238 13.7171 -5.27843 1.35963 17.9617 13.7891 18.6011 13.5429 -4.76928 0.97879 0.223379 0.298671 0.60026 0.751716
17.6567 14.0572 -5.38343 1.74802 17.2223 14.5158 18.1233 13.6353 -4.78278 0.870034 0.224979 0.299306 0.600261 0.7523
17.2712 14.0566 -5.39892 1.25217 17.9681 13.9542 17.6443 13.7172 -4.79318 0.767303 0.225816 0.299488 0.600285 0.751364
16.7725 14.1698 -5.425 1.15405 17.0811 14.3435 17.1644 13.789 -4.80088 0.670728 0.226777 0.299879 0.600388 0.75043
16.5557 13.8977 -4.88403 0.631474 17.3034 12.7369 16.6839 13.8516 -4.80628 0.580418 0.226451 0.299261 0.599141 0.748853
16.1328 13.9112 -4.70411 0.637498 16.2884 13.7529 16.2029 13.9054 -4.80974 0.496465 0.22602 0.298632 0.59792 0.747334
15.8295 13.7803 -4.45678 0.336481 16.2232 13.2228 15.7217 13.9511 -4.8116 0.418941 0.225655 0.298211 0.597109 0.745788
15.3938 13.8284 -4.61319 0.200429 15.6433 14.169 15.2404 13.9895 -4.81218 0.347902 0.225402 0.297771 0.596002 0.744293
15.2035 13.6178 -4.3149 -0.254962 16.1471 13.3014 14.7591 14.021 -4.81178 0.283394 0.226748 0.298285 0.595625 0.743557
14.6092 13.711 -4.58133 -0.100064 14.0834 13.8593 14.2778 14.0464 -4.81067 0.22545 0.22728 0.298448 0.594576 0.742314
13.8472 13.9108 -4.94695 0.305517 12.7125 13.9172 13.7967 14.0663 -4.8091 0.174094 0.226835 0.298 0.593417 0.740833
13.3378 13.9259 -4.93416 0.314455 13.1756 13.7467 13.3158 14.0815 -4.80729 0.129345 0.226374 0.297556 0.592256 0.739408
12.9287 13.8498 -4.75853 0.18943 13.012 13.4479 12.8351 14.0925 -4.80542 0.0912136 0.225991 0.297353 0.591053 0.737924
12.4825 13.8771 -4.68333 0.245057 12.6389 13.9709 12.3546 14.1 -4.80366 0.0597074 0.225678 0.297088 0.589901 0.736518
11.8514 14.0715 -4.96543 0.498414 11.5246 14.5844 11.8743 14.1046 -4.80214 0.0348309 0.225226 0.296493 0.588797 0.735617
11.2982 14.2316 -5.08926 0.645825 11.3723 14.7565 11.3941 14.1072 -4.80098 0.0165867 0.224854 0.296 0.587894 0.735219
10.9079 14.1691 -5.06586 0.153594 11.244 14.1065 10.914 14.1082 -4.80025 0.00497615 0.224402 0.29543 0.586954 0.733802
